# Beginning of file.
3.939193194570781431e-01
1.931374688157510774e-02
7.987435486555198860e-01
7.301075487440510381e-01
-9.606091923249857056e-02
-6.045223754018457241e-01
-1.757256650594397618e-01
4.705209235200216028e-02
9.579000174017529012e-01
-3.630247129889040969e-01
1.205821445079400922e+00
1.459312016661464817e+00
8.387531454241458073e-01
-4.561217192177401403e-01
4.588257977109765351e-01
5.719270748110049096e-01
-1.119403986933951017e-01
1.058600573341987872e+00
6.480061468890450094e-01
-1.949659867809804270e+00
-7.374684878654059750e-01
-1.610935235613472738e+00
4.276478713872233217e-01
6.837476335811818462e-01
8.389505814691775587e-01
4.675315728357590794e-01
-2.681866636126217229e-01
-5.851972933731945659e-02
1.162268170730643480e+00
1.335847251075513720e-01
1.098893587739192768e+00
-3.528958607170061268e-01
1.682928760249198241e+00
4.741611871811549084e-01
1.171149043305300452e+00
-6.828784031737065163e-01
-5.321211693067111614e-01
1.018983027175777850e-01
1.146724218425107411e+00
-4.632042042510449154e-01
-3.212992071770123803e-01
-1.811888531718949813e-01
-1.468778504084262138e-01
7.550596594662349892e-01
5.017622050415020407e-01
4.562701613511109811e-01
-6.019646843618751131e-01
1.565732209612094916e+00
-5.811070891890668388e-01
-6.442453550975291154e-01
-5.329343689318761790e-01
-1.136176804719930961e-01
-1.735465180044383882e+00
-3.747937953918715204e-01
-2.284318930221349131e+00
-1.247293955317148706e+00
1.906143196021824915e+00
4.912646137546790581e-01
3.629345854778876501e-01
-6.235206336083183309e-01
1.685085562029575712e+00
8.746854850145997506e-01
1.591007908774455526e+00
-2.042151260832589243e-01
1.024339293698789621e+00
-1.489046252998337538e-01
-2.036998913293076807e+00
-6.035911337453730985e-01
8.370135133111406001e-01
-5.383507058338900253e-02
-2.407080057374616722e+00
-2.546564792236458707e-01
-5.273540166053105605e-01
1.161979900028588669e-01
4.522134203632900418e-01
-3.680435285269524348e-01
-1.569892871573301596e+00
-3.609341867937272685e-02
-1.760821837607736029e+00
2.233973930897949600e+00
-5.405594076130039172e-01
8.570279666081028758e-01
-5.744167827859607556e-01
-8.983576503673887936e-01
8.910897182214758128e-02
8.060264134969835625e-02
-3.082948082209841623e+00
6.375830368488885069e-01
-2.887352875379923210e-03
-1.284890301157947112e+00
7.959286573797037523e-01
5.796464078372268736e-01
-1.057903191994735703e+00
-1.136642404672113527e+00
-2.138209630634834824e+00
-1.161814295612145331e+00
-3.652233139796290384e-02
8.884820053968628395e-01
-1.502764959573293646e-01
1.529352346444761701e-01
# These numbers were generated randomly.
